[gd_scene load_steps=10 format=2]

[ext_resource path="res://character_scenes/main_character.tscn" type="PackedScene" id=1]
[ext_resource path="res://assets/tileset/grass_color.png" type="Texture" id=2]
[ext_resource path="res://scenes/environment/twig.tscn" type="PackedScene" id=3]
[ext_resource path="res://character_scenes/Main.gd" type="Script" id=4]
[ext_resource path="res://scenes/environment/tree.tscn" type="PackedScene" id=5]

[sub_resource type="SpatialMaterial" id=6]
albedo_texture = ExtResource( 2 )

[sub_resource type="CubeMesh" id=1]
material = SubResource( 6 )
subdivide_width = 2550

[sub_resource type="Skin" id=2]

[sub_resource type="ConcavePolygonShape" id=5]
data = PoolVector3Array( -1, 1, 1, 1, 1, 1, -1, -1, 1, 1, 1, 1, 1, -1, 1, -1, -1, 1, 1, 1, -1, -1, 1, -1, 1, -1, -1, -1, 1, -1, -1, -1, -1, 1, -1, -1, 1, 1, 1, 1, 1, -1, 1, -1, 1, 1, 1, -1, 1, -1, -1, 1, -1, 1, -1, 1, -1, -1, 1, 1, -1, -1, -1, -1, 1, 1, -1, -1, 1, -1, -1, -1, 1, 1, 1, -1, 1, 1, 1, 1, -1, -1, 1, 1, -1, 1, -1, 1, 1, -1, -1, -1, 1, 1, -1, 1, -1, -1, -1, 1, -1, 1, 1, -1, -1, -1, -1, -1 )

[node name="Main" type="Spatial"]
script = ExtResource( 4 )
camera_path = NodePath("wilson/Camera")

[node name="Plane" type="MeshInstance" parent="."]
transform = Transform( 116.388, 0, 0, 0, 0.238716, 0, 0, 0, 224.338, 0.0183407, -0.392613, 0.0125065 )
mesh = SubResource( 1 )
skin = SubResource( 2 )
material/0 = null

[node name="StaticBody" type="StaticBody" parent="Plane"]

[node name="CollisionShape" type="CollisionShape" parent="Plane/StaticBody"]
transform = Transform( 1, 0, 0, 0, 1, 0, 0, 0, 1, 0, 0, 0 )
shape = SubResource( 5 )

[node name="wilson" parent="." instance=ExtResource( 1 )]
transform = Transform( 1, 0, 0, 0, 0.707107, 0.707107, 0, -0.707107, 0.707107, -0.00340736, 0.18189, 0.000307024 )
speed = 2

[node name="Camera" type="Camera" parent="wilson"]
transform = Transform( 1, 0, 0, 0, 1, 0, 0, 0, 1, 0.086032, 0.464721, 3.02803 )
current = true

[node name="Environment" type="Spatial" parent="."]

[node name="twig2" parent="Environment" instance=ExtResource( 3 )]
transform = Transform( 1, 0, 0, 0, 0.707107, 0.707107, 0, -0.707107, 0.707107, 1.19643, 0, 0 )

[node name="twig3" parent="Environment" instance=ExtResource( 3 )]
transform = Transform( 1, 0, 0, 0, 0.707107, 0.707107, 0, -0.707107, 0.707107, -2.24606, 0, -2.59157 )

[node name="twig4" parent="Environment" instance=ExtResource( 3 )]
transform = Transform( 1, 0, 0, 0, 0.707107, 0.707107, 0, -0.707107, 0.707107, -1.63977, 0.0371442, 0.922626 )

[node name="twig5" parent="Environment" instance=ExtResource( 3 )]
transform = Transform( 1, 0, 0, 0, 0.707107, 0.707107, 0, -0.707107, 0.707107, 3.36023, 0.0371442, 3.92263 )

[node name="twig6" parent="Environment" instance=ExtResource( 3 )]
transform = Transform( 1, 0, 0, 0, 0.707107, 0.707107, 0, -0.707107, 0.707107, 3.36023, 0.0371442, -0.0773735 )

[node name="twig7" parent="Environment" instance=ExtResource( 3 )]
transform = Transform( 1, 0, 0, 0, 0.707107, 0.707107, 0, -0.707107, 0.707107, -5.63977, 0.0371442, 2.92263 )

[node name="tree" parent="Environment" instance=ExtResource( 5 )]
transform = Transform( 1, 0, 0, 0, 0.707107, 0.707107, 0, -0.707107, 0.707107, 2, 0.190949, -1.64199 )

[node name="tree2" parent="Environment" instance=ExtResource( 5 )]
transform = Transform( 1, 0, 0, 0, 0.707107, 0.707107, 0, -0.707107, 0.707107, -3, 0.190949, -0.641992 )

[node name="tree3" parent="Environment" instance=ExtResource( 5 )]
transform = Transform( 1, 0, 0, 0, 0.707107, 0.707107, 0, -0.707107, 0.707107, 0, 0.190949, -3.64199 )

[node name="tree6" parent="Environment" instance=ExtResource( 5 )]
transform = Transform( 1, 0, 0, 0, 0.707107, 0.707107, 0, -0.707107, 0.707107, 0, 0.190949, 4.35801 )

[node name="tree7" parent="Environment" instance=ExtResource( 5 )]
transform = Transform( 1, 0, 0, 0, 0.707107, 0.707107, 0, -0.707107, 0.707107, 0, 0.190949, 4.35801 )

[node name="tree4" parent="Environment" instance=ExtResource( 5 )]
transform = Transform( 1, 0, 0, 0, 0.707107, 0.707107, 0, -0.707107, 0.707107, 2, 0.190949, 1.35801 )

[node name="tree5" parent="Environment" instance=ExtResource( 5 )]
transform = Transform( 1, 0, 0, 0, 0.707107, 0.707107, 0, -0.707107, 0.707107, 7, 0.190949, 2.35801 )
